2.99
3.99
3.99
3.99
1.09
1.09
.99
.99
.99
.99
.99
1.09
1.09
1.09
1.09
2.19
2.19
3.75
3.75
9.15
9.15
3.75
3.85
3.85
3.85
3.85
3.85
3.85
3.85
3.85
3.85
3.85
3.85
3.85
3.85
3.85
3.85
3.85
3.85
3.85
3.85
3.85
3.85
3.85
3.85
3.85
1.09
1.09
1.09
1.09
1.09
1.09
1.09
1.09
1.09
1.09
1.09
1.09
1.09
1.09
1.09
1.09
1.09
1.09
1.09
1.09
1.09
1.09
1.09
1.09
.99
.99
.99
.99
.99
.99
.99
.99
.99
.99
.99
.99
.99
.99
.99
.99
.99
.99
.99
.99
.99
.99
.99
.99
.99
2.99
2.99
2.99
2.99
2.99
2.99
2.99
2.99
2.99
2.99
2.99
2.99
2.99
2.99
2.99
2.99
2.99
2.99
2.99
11.95
11.95
11.95
11.95
11.95
11.95
11.95
11.95
11.95
11.95
11.95
11.95
11.95
11.95
11.95
11.95
1.85
1.85
1.85
1.85
1.85
1.85
1.85
1.85
1.85
1.85
1.85
1.85
1.85
1.85
1.85
1.85
17.99
17.99
17.99
17.99
17.99
17.99
17.99
17.99
17.99
17.99
17.99
17.99
17.99
17.99
17.99
17.99
17.99
17.99
17.99
17.99
17.99
17.99
17.99
17.99
17.99
17.99